{
  "height": 420,
  "width": 713,
  "x": 282.16668701171875,
  "y": 7771.2294921875
}